/snap/intellij-idea-community/197/jbr/bin/java -javaagent:/snap/intellij-idea-community/197/lib/idea_rt.jar=35029:/snap/intellij-idea-community/197/bin -Dfile.encoding=UTF-8 -classpath /home/larumuga/Desktop/repos/code2vec/JavaExtractor/JPredict/target/classes:/home/larumuga/.m2/repository/com/google/code/gson/gson/2.8.6/gson-2.8.6.jar:/home/larumuga/.m2/repository/com/github/javaparser/javaparser-core/3.0.0-alpha.4/javaparser-core-3.0.0-alpha.4.jar:/home/larumuga/.m2/repository/commons-io/commons-io/1.3.2/commons-io-1.3.2.jar:/home/larumuga/.m2/repository/com/fasterxml/jackson/core/jackson-databind/2.9.10.1/jackson-databind-2.9.10.1.jar:/home/larumuga/.m2/repository/com/fasterxml/jackson/core/jackson-annotations/2.9.10/jackson-annotations-2.9.10.jar:/home/larumuga/.m2/repository/com/fasterxml/jackson/core/jackson-core/2.9.10/jackson-core-2.9.10.jar:/home/larumuga/.m2/repository/args4j/args4j/2.33/args4j-2.33.jar:/home/larumuga/.m2/repository/org/apache/commons/commons-lang3/3.5/commons-lang3-3.5.jar JavaExtractor.CodeSearchNet --max_path_length 8 --max_path_width 8 --num_threads 64
/home/larumuga/Downloads/codesearchnet_java/java/final/jsonl/test
java_test_0.jsonl: 2501, 2502, 5582, 5709, 6773, 6883, 7187, 7252, 7622, 7994, 10347, 11155, 11304, 11365, 13142, 13276, 13552, 13751, 13978, 14000, 14382, 21259, 22516, 22685, 22766, 23137, 23947, 24780

/home/larumuga/Downloads/codesearchnet_java/java/final/jsonl/valid
java_valid_0.jsonl: 99, 101, 122, 371, 387, 395, 396, 397, 1158, 1398, 3097, 3098, 4434, 5670, 5672, 9140, 9181, 9207, 10040, 10050, 11614, 12515, 13463, 13486, 13499, 15169

/home/larumuga/Downloads/codesearchnet_java/java/final/jsonl/train
java_train_11.jsonl: 194, 1209, 2329, 2910, 3268, 3388, 4043, 5826, 5989, 7306, 8268, 11873, 12026, 12224, 12526, 14491, 14526, 15127, 15590, 16708, 16768, 18146, 18330, 18436, 18870, 20391, 22053, 22080, 22214, 22314, 23766, 23940, 23994, 24003, 25717, 25882, 26052, 26136, 29406, 29882
java_train_10.jsonl: 7953, 9269, 9634, 10116, 10286, 10375, 10384, 10416, 11353, 11497, 11686, 11865, 11993, 12189, 12349, 15250, 17894, 18527, 18875, 19486, 23994, 24013, 24032, 24735, 24969, 28067
java_train_13.jsonl: 5767, 5774, 5919, 6033, 6571, 8533, 9117, 9809, 10287, 10357, 15000, 15083, 16511, 16929, 18167, 18247, 19037, 19400, 19844, 19980, 20173, 20455, 21750, 21833, 23067, 23248, 24320, 24429, 25929, 25948, 26236, 26743, 26845, 29219
java_train_7.jsonl: 3015, 3087, 3109, 3113, 3123, 3134, 3135, 6555, 8577, 16712, 16771, 19190, 19208, 24067, 24586, 29394
java_train_1.jsonl: 988, 1705, 4421, 7506, 14044, 14526, 14584, 19255, 19328, 19426, 19493, 19586, 19592, 19636, 19676, 21663
java_train_2.jsonl: 9377, 10719, 11056, 20498, 20520, 21724, 23306, 23344, 23872, 25097
java_train_5.jsonl: 7682, 9679, 9680, 9852, 9922, 12463, 12613, 14286, 14315, 16223, 16845, 17949, 18922, 19395, 20240, 22155, 23163, 23501, 24874, 29758
java_train_14.jsonl: 741, 804, 7478, 7621, 7783, 7837, 8105, 10296, 10477, 11574, 11831, 11849, 13752, 14110, 14395, 16036, 16640, 16741, 17390, 20008, 20386, 21579, 22009, 23457, 24531, 24586, 25464, 26195, 26779, 27013, 27191, 27277, 27371, 27607, 27765, 27858, 27976, 28145, 28413, 29465, 29829
java_train_3.jsonl: 423, 1160, 1223, 4876, 4930, 4958, 5229, 5572, 6397, 7305, 7946, 8575, 8906, 9471, 9494, 9541, 9673, 9785, 11598, 11640, 11690, 12847, 13367, 14392, 15656, 16371, 16379, 16381, 17710, 18368, 18527, 19583, 20562, 23163
java_train_12.jsonl: 418, 437, 469, 659, 733, 893, 950, 998, 1255, 1292, 1424, 1425, 2400, 3808, 5934, 5972, 6180, 9377, 9763, 11075, 11505, 11523, 12016, 13145, 13778, 14054, 14651, 14902, 17174, 17570, 17634, 18110, 18343, 18648, 18711, 18793, 18914, 19045, 19111, 19135, 19231, 19444, 19837, 21572, 21573, 21574, 21575, 21576, 21577, 21578, 21579, 21580, 21581, 21582, 21583, 21584, 21585, 21586, 22236, 22237, 22238, 22239, 22257, 22258, 22259, 22260, 22261, 22262, 22263, 22559, 22568, 22569, 22570, 22571, 22633, 23149, 23150, 23151, 23153, 23393, 27112, 27208, 28122, 28134, 28155, 28785, 28900, 29782
java_train_4.jsonl: 3266, 3320, 4161, 7536, 7784, 8493, 8579, 8580, 9130, 9320, 10276, 11510, 11733, 11865, 11885, 11902, 11906, 11934, 11973, 14484, 14717, 14847, 14895, 14919, 14990, 22487, 23891, 25154, 25290, 26546, 27917
java_train_8.jsonl: 2498, 4364, 5902, 6709, 6915, 7689, 11598, 13765, 14272, 14429, 14452, 14482, 14896, 16520, 17296, 20058, 20418, 21393, 22484, 22758, 22791, 22860, 22872, 23040, 23168, 23199, 23262, 23334, 23347, 23352, 23360, 23383, 23524, 23621, 23688, 23716, 23996, 24040, 24112, 26147, 26820, 27574, 27771, 28311, 29922, 29927
java_train_0.jsonl: 72, 117, 993, 2704, 3342, 3887, 4845, 5098, 6039, 7079, 7677, 8248, 9251, 9392, 11103, 11291, 11820, 12119, 12351, 16234, 16453, 16583, 16943, 19077, 19161, 19465, 19612, 21535, 21665, 21808, 23415, 23442, 23459, 23483, 23494, 25001, 25020, 25083, 25092, 25104, 25221, 25463, 25767, 28093
java_train_9.jsonl: 2228, 2669, 2718, 4848, 6413, 7934, 8211, 10130, 10558, 12371, 13244, 14253, 15208, 15800, 17423, 19675, 19874, 20454, 21838, 24543, 27865, 28189, 28309, 28314, 28339, 28344, 28463, 28470, 28522, 29244, 29245, 29246, 29247, 29347, 29372, 29373, 29374, 29375, 29376, 29377, 29554, 29555, 29650
java_train_6.jsonl: 553, 838, 1315, 3296, 3710, 5782, 10621, 10788, 11238, 11515, 12026, 12303, 12565, 14671, 14757, 14779, 14884, 14898, 15208, 15243, 15382, 16545, 16758, 18863, 20395, 22717, 24105, 25740, 26251, 27572
java_train_15.jsonl: 405, 802, 817, 1002, 1105, 1564, 1707, 1948, 2267, 2632, 2904, 3719, 4013, 4188, 4293


java_dedupe_definitions_v2.jsonl: 185, 275, 276, 337, 386, 652, 838, 855, 950, 1173, 1279, 1625, 1704, 1826, 2064, 2784, 2934, 3192, 3302, 3410, 3415, 3711, 3713, 3761, 3774, 4159, 4176, 4195, 4196, 4197, 4307, 4472, 4473, 5255, 5590, 6960, 12289, 12547, 12584, 13481, 15026, 15439, 15459, 15509, 16974, 16979, 17778, 19474, 20207, 22782, 24306, 25039, 25645, 28995, 29459, 30640, 30880, 31039, 34185, 34453, 34927, 35369, 37978, 38143, 38234, 38631, 38741, 39291, 39531, 40116, 40547, 40587, 45418, 51515, 51798, 51848, 51849, 52206, 52839, 52840, 52869, 54150, 55512, 55880, 55881, 57502, 57503, 57552, 57610, 58248, 59191, 59716, 59917, 60118, 60772, 61066, 61137, 62270, 63024, 63319, 63533, 66270, 66484, 66501, 66700, 66872, 67514, 67606, 67686, 70243, 71983, 72544, 73494, 77060, 77061, 79018, 86155, 86489, 86565, 86657, 86680, 87152, 87172, 87388, 87390, 87595, 87856, 88143, 88363, 88490, 88614, 88648, 91387, 91513, 91671, 91763, 92111, 93097, 93111, 93260, 93298, 93316, 93377, 93426, 93428, 95538, 95770, 95917, 97692, 99280, 99339, 99457, 99460, 99473, 99505, 99573, 99625, 99632, 99941, 100217, 100403, 100696, 100735, 100848, 101129, 101334, 101418, 101589, 101659, 101780, 101860, 102078, 102124, 102383, 104129, 110661, 126145, 127510, 127766, 129869, 130714, 134962, 135281, 136115, 136182, 136198, 136358, 136391, 137054, 137172, 137349, 138994, 138995, 140983, 141925, 149083, 152858, 154558, 156610, 157113, 165348, 166368, 167825, 168799, 170823, 174082, 179134, 199062, 199150, 202745, 204813, 205465, 205532, 206022, 208691, 209546, 209648, 211645, 211646, 211647, 213066, 218363, 218364, 219236, 221687, 221775, 221780, 221879, 221946, 222049, 222057, 222102, 222147, 227518, 227545, 229490, 231243, 233241, 233242, 233678, 233760, 234534, 234833, 234866, 238729, 238730, 253448, 262138, 278120, 278121, 278122, 281222, 281888, 293788, 294184, 298538, 306431, 307971, 308061, 308234, 308235, 308236, 308305, 308723, 308860, 308951, 309513, 309576, 309729, 309979, 314963, 321347, 322562, 322897, 323017, 324550, 327703, 328013, 329180, 329489, 329509, 329603, 329609, 332007, 332072, 332163, 332311, 334284, 334739, 334831, 336446, 338165, 338210, 338860, 341404, 342232, 343918, 344237, 344676, 344888, 345769, 348082, 348114, 348340, 348400, 348886, 348904, 349304, 349662, 350208, 350244, 350973, 351615, 351749, 351807, 353099, 354056, 355113, 357471, 357480, 357834, 358962, 359551, 359668, 359722, 360911, 360955, 361001, 361256, 361377, 361529, 361674, 361736, 361752, 361833, 361842, 364583, 368131, 368889, 371126, 373729, 374149, 374150, 374151, 374152, 374153, 374154, 374155, 374156, 377873, 381760, 381796, 384724, 388627, 389210, 389328, 401334, 402105, 402354, 402465, 402490, 402547, 402643, 402799, 403915, 403945, 404072, 404328, 404332, 404339, 404496, 404566, 405332, 407127, 407761, 408271, 409803, 409883, 410108, 410351, 410609, 410622, 410783, 411297, 411788, 411870, 411887, 413706, 413758, 414594, 415274, 415375, 416003, 418386, 418767, 418956, 419102, 419367, 420680, 421163, 421708, 423883, 424251, 426027, 426483, 427935, 428322, 430259, 431625, 431702, 431797, 431896, 431972, 432195, 432452, 433396, 433833, 434601, 436430, 437021, 440175, 452510, 452596, 452722, 452745, 453651, 455097, 455122, 455392, 456069, 457036, 459910, 459937, 460028, 460081, 460287, 460292, 462754, 463763, 463781, 463789, 463791, 465734, 466714, 466951, 468523, 470166, 471838, 474658, 478726, 479871, 480213, 480919, 483069, 484082, 487669, 489466, 489910, 489986, 490292, 490470, 494507, 494516, 497329, 508708, 509139, 509749, 509750, 510338, 510989, 511229, 511264, 511398, 512099, 512128, 512319, 512463, 512492, 512493, 512757, 512958, 513071, 513218, 513249, 513556, 513641, 513798, 514027, 514076, 514167, 514197, 514207, 515404, 515635, 517878, 518031, 518032, 520556, 521105, 521514, 521898, 522204, 522402, 522407, 522449, 522473, 522537, 522552, 522621, 522680, 522703, 522755, 523039, 523239, 523396, 523575, 523626, 523630, 523696, 524176, 524276, 524401, 524774, 526212, 527785, 527786, 527787, 527788, 527789, 528117, 528118, 528119, 528120, 528121, 528258, 528679, 528680, 528681, 529510, 530524, 530527, 530538, 533885, 534744, 534821, 534881, 534915, 534937, 534945, 535041, 535089, 535153, 535201, 535204, 535223, 535281, 535316, 535398, 535412, 535431, 535554, 535587, 535714, 535718, 535750, 535839, 535903, 535954, 535960, 537606, 537678, 538532, 539752, 540062, 540155, 540740, 541284, 558149, 558355, 560140, 560298, 562789, 562800, 564681, 566446, 566529, 566560, 566563, 568751, 569082, 573565, 576027, 576710, 579366, 579382, 591469, 591502, 593062, 597958, 597974, 599915, 600753, 600754, 602706, 602731, 602740, 608423, 609228, 609752, 611128, 612399, 612754, 613072, 613826, 614461, 614899, 614900, 615309, 615329, 615414, 615496, 615511, 616645, 616838, 620548, 620549, 621119, 621345, 621893, 624724, 624745, 624936, 624975, 625083, 625217, 625245, 625278, 625388, 625465, 625470, 625478, 625492, 625599, 625745, 628044, 628191, 630120, 630943, 631811, 631849, 632053, 632488, 633231, 635505, 637546, 638592, 639003, 640490, 641660, 643454, 643501, 644656, 645582, 646658, 647039, 647138, 647413, 650299, 651975, 652095, 655635, 657648, 660365, 660725, 661241, 661937, 662490, 663529, 663550, 665578, 665831, 667576, 668534, 668990, 672804, 672817, 675957, 676448, 677853, 678261, 678366, 678682, 682160, 683148, 683824, 690045, 691032, 691182, 691260, 693182, 693633, 693840, 694373, 694573, 694603, 695275, 695687, 696506, 696925, 697342, 701391, 701392, 702278, 702459, 702505, 702696, 702734, 704825, 704881, 705117, 706227, 706246, 706247, 706253, 706258, 706323, 706331, 706356, 706378, 706385, 706412, 706427, 706452, 706457, 706696, 706738, 706801, 706836, 706839, 706885, 706891, 706892, 706935, 706960, 712562, 712596, 712624, 712877, 713173, 713188, 713340, 713353, 714468, 714603, 714690, 714706, 714709, 714710, 715221, 716158, 717984, 720885, 722737, 723595, 726820, 731450, 732014, 732500, 732825, 732833, 732886, 733076, 733228, 733268, 733503, 733584, 733924, 734246, 734254, 735261, 736877, 736919, 737301, 739963, 740221, 741419, 743018, 743036, 743061, 744683, 745320, 746543, 751362, 752206, 753352, 753640, 758504, 758844, 758845, 758910, 758918, 758948, 758964, 759009, 759040, 759046, 764170, 766830, 776970, 779503, 779633, 785468, 786700, 787413, 787433, 787490, 787730, 787741, 787899, 788435, 791806, 791893, 792302, 792369, 792485, 793105, 794069, 794071, 794339, 794462, 794481, 794549, 795042, 795054, 795161, 795260, 795490, 795931, 796016, 796091, 796312, 796379, 796476, 796558, 797167, 797605, 797719, 797977, 798149, 798195, 798280, 798326, 798449, 798687, 803499, 803535, 803536, 803537, 803746, 805184, 808303, 811775, 812020, 812218, 812271, 812523, 812608, 812609, 816920, 818898, 818903, 819251, 819461, 819479, 819493, 821149, 821320, 821820, 821978, 822498, 822561, 827845, 828137, 828537, 828538, 828546, 828547, 828548, 828549, 828550, 828554, 828560, 828563, 828868, 828869, 828876, 828879, 828882, 828903, 829413, 829414, 829415, 829416, 831338, 831774, 831886, 832221, 832254, 834296, 836131, 836197, 839047, 843027, 845941, 846138, 847991, 848307, 849328, 854826, 855027, 855524, 857858, 859975, 860702, 860768, 863599, 863600, 864454, 870226, 872558, 873634, 873708, 873709, 873768, 874205, 874617, 875132, 875356, 876695, 878113, 879090, 879444, 880144, 884375, 885507, 888262, 888543, 889259, 890858, 891016, 904369, 907533, 907684, 908720, 908828, 909365, 909628, 909674, 909742, 910983, 920426, 920516, 920553, 924952, 931476, 934775, 935605, 940114, 944591, 944694, 944805, 944925, 944971, 945063, 945087, 945296, 945455, 945492, 945578, 945677, 945693, 945703, 945717, 945746, 945940, 946013, 946267, 946357, 946395, 947388, 947449, 947533, 948043, 949647, 949656, 949666, 951725, 951727, 951738, 951743, 955688, 955807, 956678, 957037, 957568, 957647, 957938, 957941, 958243, 958424, 958461, 958979, 959011, 959740, 959954, 960621, 961526, 961815, 963335, 963460, 965315, 965381, 965541, 965614, 966037, 966074, 966381, 966394, 966417, 968238, 968255, 968322, 968353, 968449, 974533, 975331, 976587, 977026, 979672, 980261, 980363, 980615, 980647, 980782, 980805, 981077, 981292, 992448, 996081, 996697, 1002004, 1002152, 1002153, 1002156, 1002361, 1002883, 1002999, 1003093, 1003555, 1003733, 1004400, 1004428, 1004724, 1006337, 1006717, 1007567, 1007929, 1009632, 1015528, 1015769, 1016261, 1016860, 1017672, 1017918, 1018075, 1018970, 1019330, 1019334, 1023193, 1025004, 1027086, 1027130, 1027151, 1027544, 1027773, 1028032, 1031313, 1031391, 1031803, 1033308, 1033636, 1037413, 1039160, 1039237, 1039356, 1039357, 1039358, 1039359, 1039753, 1041106, 1044669, 1044851, 1045081, 1051074, 1051425, 1051928, 1052030, 1053571, 1053607, 1054123, 1054308, 1054602, 1054684, 1054823, 1054878, 1054909, 1055162, 1055166, 1055207, 1055329, 1055431, 1055450, 1055498, 1055548, 1056678, 1056679, 1056680, 1059961, 1060447, 1060552, 1064253, 1064299, 1064513, 1065843, 1067093, 1067896, 1067946, 1067950, 1072123, 1072754, 1073572, 1078876, 1080123, 1080287, 1080324, 1080329, 1080373, 1080382, 1080389, 1080489, 1080576, 1080598, 1080652, 1080661, 1080672, 1081548, 1083864, 1083865, 1083866, 1083867, 1084343, 1084594, 1084595, 1084596, 1084597, 1084598, 1084599, 1085339, 1085340, 1085367, 1085368, 1085370, 1085371, 1085372, 1085441, 1085442, 1085443, 1085538, 1086185, 1086277, 1086296, 1086339, 1086360, 1086371, 1086399, 1086439, 1086490, 1086632, 1086742, 1086743, 1086744, 1086815, 1086883, 1086947, 1086950, 1087089, 1087092, 1087171, 1087372, 1087976, 1088083, 1088089, 1088688, 1088689, 1088790, 1088791, 1088792, 1088793, 1088935, 1088936, 1088973, 1089003, 1089048, 1094480, 1094547, 1096610, 1098751, 1099332, 1101106, 1101622, 1102717, 1102915, 1103331, 1103718, 1104506, 1109644, 1113042, 1114609, 1114665, 1114778, 1114783, 1114797, 1116210, 1116975, 1117663, 1117688, 1118165, 1118714, 1119211, 1119553, 1119722, 1119730, 1119756, 1119804, 1121443, 1121609, 1121781, 1121825, 1121865, 1121993, 1122025, 1122128, 1122231, 1122270, 1122293, 1122327, 1122347, 1123225, 1123905, 1124221, 1124650, 1125144, 1125619, 1125745, 1125939, 1125989, 1126400, 1126755, 1127319, 1127843, 1128869, 1129259, 1129793, 1130714, 1131692, 1134398, 1138258, 1140835, 1142890, 1143373, 1144204, 1146416, 1147165, 1147686, 1152817, 1152901, 1153153, 1153424, 1155828, 1156282, 1157010, 1157085, 1157137, 1160388, 1161264, 1163186, 1163230, 1166825, 1168381, 1170377, 1170588, 1173432, 1174745, 1175234, 1175450, 1176052, 1176249, 1176395, 1176702, 1179885, 1180668, 1180703, 1182444, 1182475, 1182476, 1184950, 1185411, 1187049, 1187050, 1187051, 1187052, 1187053, 1187054, 1187055, 1188003, 1188401, 1189738, 1191619, 1192133, 1192337, 1193962, 1194013, 1197775, 1199112, 1199126, 1199230, 1199332, 1200075, 1200218, 1200506, 1201880, 1202650, 1202736, 1203023, 1204536, 1208999, 1209082, 1209113, 1209808, 1211378, 1219045, 1219751, 1219946, 1220889, 1220892, 1220941, 1221177, 1221178, 1221438, 1221754, 1222176, 1222411, 1223795, 1223958, 1224198, 1226040, 1226066, 1226070, 1226075, 1226139, 1226911, 1227428, 1228189, 1228211, 1233029, 1233091, 1233170, 1233171, 1233298, 1235149, 1235677, 1236554, 1236928, 1237167, 1238113, 1241503, 1241533, 1241570, 1241634, 1242284, 1242413, 1243232, 1243606, 1247057, 1247061, 1247085, 1247126, 1247167, 1247187, 1247210, 1247433, 1247678, 1247856, 1248297, 1248345, 1248513, 1249074, 1250045, 1250209, 1250450, 1250585, 1251176, 1251584, 1253020, 1253140, 1253180, 1253287, 1257056, 1258991, 1258992, 1258994, 1258995, 1259722, 1260816, 1260877, 1261017, 1261111, 1261478, 1261679, 1261915, 1271065, 1272043, 1272257, 1272437, 1273976, 1274031, 1274110, 1274647, 1274829, 1275208, 1275468, 1275671, 1276266, 1277522, 1277726, 1278008, 1278374, 1278375, 1280550, 1281084, 1284132, 1284272, 1284782, 1285875, 1287337, 1287382, 1287683, 1289710, 1291074, 1291087, 1291651, 1291853, 1291932, 1292121, 1292970, 1293770, 1294542, 1294773, 1295044, 1295209, 1296383, 1296384, 1296554, 1298019, 1303422, 1303817, 1304115, 1304980, 1305630, 1305773, 1305932, 1306740, 1307893, 1308256, 1309239, 1310725, 1311331, 1313515, 1313594, 1314482, 1314576, 1314606, 1314790, 1315045, 1315689, 1315824, 1315899, 1316059, 1316116, 1316501, 1316589, 1316993, 1317025, 1317036, 1317207, 1317262, 1317932, 1318039, 1318483, 1318490, 1318592, 1318910, 1319270, 1319422, 1320013, 1320166, 1320475, 1321258, 1323312, 1324993, 1325888, 1326034, 1327221, 1327784, 1327788, 1327937, 1328534, 1328694, 1328894, 1329186, 1329593, 1329690, 1329880, 1330042, 1330667, 1330810, 1331735, 1331838, 1332803, 1333669, 1334041, 1336432, 1336963, 1336964, 1336965, 1336966, 1336967, 1336968, 1336969, 1336970, 1336971, 1336972, 1336973, 1336974, 1336975, 1336976, 1336977, 1337072, 1338034, 1338035, 1338036, 1338037, 1338101, 1338102, 1338103, 1338104, 1338105, 1338106, 1338107, 1338613, 1338692, 1338704, 1338705, 1338706, 1338707, 1338825, 1339639, 1339640, 1339641, 1339643, 1339790, 1339791, 1340124, 1340420, 1344124, 1344850, 1350824, 1351256, 1351976, 1355104, 1355158, 1355223, 1356212, 1357222, 1357431, 1358686, 1359291, 1359513, 1359768, 1359826, 1359828, 1360905, 1360946, 1361406, 1361661, 1362123, 1362173, 1362995, 1363116, 1364098, 1366238, 1366934, 1366935, 1376458, 1376575, 1376597, 1377153, 1377406, 1377597, 1378345, 1378908, 1379647, 1379938, 1381475, 1383585, 1383691, 1384867, 1385591, 1386543, 1386810, 1386841, 1387691, 1389292, 1389641, 1389918, 1390375, 1391012, 1391413, 1391515, 1393213, 1393352, 1397622, 1401034, 1403814, 1407326, 1407668, 1409619, 1410471, 1410723, 1410936, 1411823, 1412126, 1412516, 1412841, 1416760, 1416787, 1416962, 1417133, 1417165, 1418316, 1418459, 1418594, 1419341, 1419371, 1419525, 1419887, 1419910, 1419940, 1420302, 1420919, 1421326, 1421574, 1422156, 1422683, 1423354, 1423607, 1424651, 1428013, 1428218, 1428628, 1429400, 1430728, 1432875, 1433246, 1436744, 1436815, 1437189, 1437264, 1437308, 1437726, 1437936, 1438196, 1438827, 1439909, 1440173, 1442531, 1442533, 1444171, 1444322, 1444325, 1444326, 1444497, 1445765, 1446219, 1446223, 1447432, 1447606, 1452703, 1457216, 1457289, 1457463, 1457558, 1457647, 1457692, 1457764, 1457839, 1458347, 1458424, 1458577, 1458748, 1458909, 1459269, 1461056, 1461800, 1463211, 1463535, 1464723, 1465026, 1465118, 1466592, 1466635, 1466953, 1470312, 1471384, 1473456, 1476943, 1479677, 1479678, 1481992, 1482575, 1483793, 1484207, 1484343, 1484854, 1484859, 1484923, 1485030, 1485442, 1485512, 1485620, 1485746, 1486214, 1487664, 1490960, 1491534, 1491932, 1492244, 1492344, 1492949, 1493083, 1493840, 1493870, 1494093, 1494914, 1495333, 1497939, 1498588, 1499217, 1499390, 1502475, 1504497, 1506181, 1507458, 1507633, 1508114, 1508119, 1508388, 1509095, 1509359, 1510195, 1510202, 1510254, 1510323, 1510483, 1510495, 1510742, 1510800, 1510805, 1510811, 1511388, 1511505, 1511566, 1511987, 1512041, 1512383, 1512569, 1512772, 1513298, 1513880, 1515044, 1515101, 1515610, 1515623, 1515624, 1515652, 1515794, 1516619, 1516932, 1516959, 1517702, 1517995, 1518075, 1518288, 1518482, 1519154, 1519643, 1519652, 1520582, 1520711, 1520836, 1521994, 1522674, 1522924, 1523094, 1523113, 1523540, 1523683, 1524028, 1525235, 1525713, 1526325, 1526441, 1526580, 1527893, 1529241, 1529258, 1529448, 1530249, 1530275, 1531896, 1533313, 1533400, 1534211, 1535049, 1535755, 1535858, 1537697, 1537815, 1537923, 1538803, 1538936, 1539156, 1539325, 1539812, 1540082, 1540136, 1541968, 1542484, 1542994, 1543358, 1543604, 1543750, 1544457, 1545028, 1545278, 1545335, 1545476, 1545640, 1546230, 1546382, 1546763, 1547492, 1548241, 1550922, 1551845, 1552393, 1553493, 1554188, 1555629, 1555664, 1556227, 1556506, 1556903, 1558121, 1558768, 1559344, 1560300, 1560503, 1561506, 1561670, 1561793, 1563030, 1563627, 1564104, 1565101, 1565113, 1565857, 1566627, 1566854, 1567243, 1567349, 1568028, 1568094, 1568734, 1569109, 1569518